#--------------Parameters of the electron distribution-------------
#0  radio[1] = -1.5469 
#1  radio[2] = 1.0827e+51 
#2  radio[3] = 89941 
#3  wbreak0  = 3.3465e+05 
#4  wbreak1  = 5.7977e+06 
#5  wbreak2  = 2.1233e+08 
#6  wbreak3  = 4.7654e+09 
#7  wGamma0  = -3.0673 
#8  wGamma1  = -3.4459 
#9  wGamma2  = -3.766 
#10 w_norm   = 2.5708e+33 
#11 alpha    = -0.14682 
#12 ext_norm = 99.414 
#13 r_o(dust)= 4.7233e+18 
#14 M1(dust) = -4.384 
#15 M2(dust) = -1.1827 
#16 T1(dust) = 149.35 
#17 T2(dust) = 38.628 
#18 rho_0    = 89.04 
#   Bconst   = 0.000264 
#  B_alpha   = -0.51 
#  eps[eV] sync(radio) sync(wind) dust vis  
#  eV      W/Hz        W/Hz       W/Hz W/Hz 
             1e-07 	      1.3936326e+18	7.846e+12 	       0 	       0 
     1.1393749e-07 	      1.3446567e+18	1.88e+13 	       0 	       0 
     1.2981753e-07 	      1.2973919e+18	3.449e+13 	       0 	       0 
     1.4791084e-07 	      1.2517778e+18	5.341e+13 	       0 	       0 
      1.685259e-07 	      1.2077562e+18	7.396e+13 	       0 	       0 
     1.9201419e-07 	      1.1652712e+18	9.509e+13 	       0 	       0 
     2.1877616e-07 	      1.1242685e+18	1.162e+14 	       0 	       0 
     2.4926808e-07 	      1.0846959e+18	1.368e+14 	       0 	       0 
      2.840098e-07 	      1.0465029e+18	1.571e+14 	       0 	       0 
     3.2359366e-07 	      1.0096409e+18	1.767e+14 	       0 	       0 
     3.6869451e-07 	      9.7406292e+17	1.96e+14 	       0 	       0 
     4.2008128e-07 	      9.3972353e+17	2.15e+14 	       0 	       0 
     4.7863009e-07 	      9.0657897e+17	2.336e+14 	       0 	       0 
     5.4533914e-07 	      8.7458698e+17	2.52e+14 	       0 	       0 
     6.2134575e-07 	      8.4370674e+17	2.704e+14 	       0 	       0 
     7.0794578e-07 	      8.1389887e+17	2.888e+14 	       0 	       0 
     8.0661569e-07 	      7.8512532e+17	3.074e+14 	       0 	       0 
     9.1903771e-07 	      7.5734939e+17	3.262e+14 	       0 	       0 
     1.0471285e-06 	       7.305357e+17	3.452e+14 	       0 	       0 
      1.193072e-06 	      7.0464997e+17	3.645e+14 	       0 	       0 
     1.3593564e-06 	      6.7965913e+17	3.842e+14 	       0 	       0 
     1.5488166e-06 	      6.5553128e+17	4.045e+14 	       0 	       0 
     1.7646829e-06 	      6.3223561e+17	4.253e+14 	       0 	       0 
     2.0106354e-06 	      6.0974237e+17	4.467e+14 	       0 	       0 
     2.2908677e-06 	       5.880228e+17	4.688e+14 	       0 	       0 
     2.6101572e-06 	      5.6704915e+17	4.915e+14 	       0 	       0 
     2.9739477e-06 	      5.4679461e+17	5.154e+14 	       0 	       0 
     3.3884416e-06 	      5.2723326e+17	5.398e+14 	       0 	       0 
     3.8607054e-06 	       5.083401e+17	5.65e+14 	       0 	       0 
     4.3987911e-06 	      4.9009094e+17	5.914e+14 	       0 	       0 
     5.0118723e-06 	      4.7246243e+17	6.187e+14 	       0 	       0 
     5.7104018e-06 	      4.5543199e+17	6.474e+14 	       0 	       0 
     6.5062887e-06 	      4.3897781e+17	6.769e+14 	       0 	       0 
     7.4131024e-06 	      4.2307881e+17	7.076e+14 	       0 	       0 
     8.4463032e-06 	      4.0771461e+17	7.399e+14 	       0 	       0 
     9.6235063e-06 	      3.9286552e+17	7.735e+14 	       0 	       0 
     1.0964782e-05 	      3.7851248e+17	8.081e+14 	       0 	       0 
     1.2492998e-05 	       3.646371e+17	8.444e+14 	       0 	       0 
     1.4234209e-05 	      3.5122155e+17	8.825e+14 	       0 	       0 
     1.6218101e-05 	      3.3824862e+17	9.218e+14 	       0 	       0 
     1.8478498e-05 	      3.2570164e+17	9.628e+14 	       0 	       0 
     2.1053938e-05 	      3.1356456e+17	1.006e+15 	       0 	       0 
     2.3988329e-05 	       3.018218e+17	1.051e+15 	       0 	       0 
     2.7331701e-05 	      2.9045826e+17	1.097e+15 	       0 	       0 
     3.1141056e-05 	      2.7945935e+17	1.146e+15 	       0 	       0 
     3.5481339e-05 	      2.6881099e+17	1.197e+15 	       0 	       0 
     4.0426549e-05 	      2.5849952e+17	1.25e+15 	       0 	       0 
     4.6060997e-05 	      2.4851175e+17	1.306e+15 	       0 	       0 
     5.2480746e-05 	      2.3883492e+17	1.364e+15 	       0 	       0 
     5.9795247e-05 	      2.2945668e+17	1.424e+15 	       0 	       0 
     6.8129207e-05 	      2.2036511e+17	1.487e+15 	       0 	       0 
     7.7624712e-05 	      2.1154867e+17	1.552e+15 	       0 	       0 
     8.8443652e-05 	      2.0299622e+17	1.621e+15 	       0 	       0 
     0.00010077048 	        1.94697e+17	1.692e+15 	       0 	       0 
     0.00011481536 	      1.8664066e+17	1.767e+15 	       0 	       0 
     0.00013081775 	      1.7881718e+17	1.844e+15 	       0 	       0 
     0.00014905046 	      1.7121694e+17	1.925e+15 	       0 	       0 
     0.00016982437 	       1.638307e+17	2.01e+15 	       0 	       0 
     0.00019349363 	      1.5664957e+17	2.098e+15 	       0 	       0 
     0.00022046179 	      1.4966507e+17	2.19e+15 	       0 	       0 
     0.00025118864 	       1.428691e+17	2.285e+15 	       0 	       0 
     0.00028619805 	      1.3625394e+17	2.385e+15 	       0 	       0 
     0.00032608689 	      1.2981228e+17	2.488e+15 	       0 	       0 
     0.00037153523 	      1.2353727e+17	2.596e+15 	       0 	       0 
     0.00042331793 	      1.1742247e+17	2.709e+15 	       0 	       0 
     0.00048231785 	      1.1146192e+17	2.826e+15 	       0 	       0 
     0.00054954087 	      1.0565015e+17	2.947e+15 	       0 	       0 
     0.00062613311 	      9.9982231e+16	3.074e+15 	       0 	       0 
     0.00071340038 	      9.4453785e+16	3.205e+15 	       0 	       0 
     0.00081283052 	      8.9061043e+16	3.342e+15 	       0 	       0 
     0.00092611873 	      8.3800887e+16	3.484e+15 	       0 	       0 
      0.0010551965 	      7.8670897e+16	3.631e+15 	       0 	       0 
      0.0012022644 	      7.3669408e+16	3.783e+15 	       0 	       0 
        0.00136983 	      6.8795565e+16	3.941e+15 	5.336e+14 	       0 
        0.00156075 	       6.404938e+16	4.105e+15 	7.959e+14 	       0 
      0.0017782794 	       5.943179e+16	4.274e+15 	1.182e+15 	       0 
       0.002026127 	      5.4944712e+16	4.449e+15 	1.745e+15 	       0 
      0.0023085184 	      5.0591085e+16	4.63e+15 	2.562e+15 	       0 
       0.002630268 	       4.637491e+16	4.816e+15 	3.733e+15 	       0 
      0.0029968615 	      4.2301256e+16	5.008e+15 	5.393e+15 	       0 
      0.0034145489 	       3.837626e+16	5.205e+15 	7.716e+15 	       0 
      0.0038904514 	      3.4607071e+16	5.408e+15 	1.091e+16 	       0 
      0.0044326829 	      3.1001763e+16	5.615e+15 	1.522e+16 	       0 
      0.0050504879 	      2.7569185e+16	5.827e+15 	2.09e+16 	       0 
      0.0057543994 	      2.4318751e+16	6.043e+15 	2.815e+16 	       0 
      0.0065564185 	      2.1260145e+16	6.264e+15 	3.708e+16 	       0 
       0.007470219 	       1.840295e+16	6.487e+15 	4.758e+16 	       0 
      0.0085113804 	      1.5756195e+16	6.712e+15 	5.918e+16 	       0 
      0.0096976536 	      1.3327817e+16	6.94e+15 	7.096e+16 	       0 
       0.011049264 	      1.1124066e+16	7.167e+15 	8.152e+16 	       0 
       0.012589254 	      9.1488854e+15	7.394e+15 	8.906e+16 	       0 
       0.014343881 	      7.4032929e+15	7.619e+15 	9.183e+16 	       0 
       0.016343058 	       5.884844e+15	7.84e+15 	8.864e+16 	       0 
       0.018620871 	      4.5872301e+15	8.056e+15 	7.95e+16 	       0 
       0.021216154 	       3.500092e+15	8.264e+15 	6.593e+16 	       0 
       0.024173155 	      2.6091105e+15	8.463e+15 	5.071e+16 	       0 
       0.027542287 	      1.8964177e+15	8.648e+15 	3.693e+16 	       0 
       0.031380992 	       1.341333e+15	8.819e+15 	2.686e+16 	       0 
       0.035754716 	      9.2138014e+14	8.972e+15 	2.119e+16 	       0 
       0.040738028 	      6.1348619e+14	9.102e+15 	1.909e+16 	       0 
       0.046415888 	      3.9522362e+14	9.208e+15 	1.894e+16 	       0 
         0.0528851 	      2.4593409e+14	9.284e+15 	1.914e+16 	       0 
       0.060255959 	      1.4758929e+14	9.328e+15 	1.86e+16 	       0 
        0.06865413 	      8.5292064e+13	9.336e+15 	1.687e+16 	       0 
       0.078222796 	      4.7393659e+13	9.304e+15 	1.402e+16 	       0 
       0.089125094 	      2.5276996e+13	9.23e+15 	1.052e+16 	       0 
         0.1015469 	      1.2910315e+13	9.11e+15 	7.016e+15 	       0 
        0.11569999 	      6.2951418e+12	8.943e+15 	4.093e+15 	       0 
        0.13182567 	      2.9179914e+12	8.728e+15 	2.049e+15 	       0 
        0.15019887 	      1.2785271e+12	8.466e+15 	8.615e+14 	       0 
        0.17113283 	      5.2568181e+11	8.158e+15 	2.968e+14 	       0 
        0.19498446 	       2.010081e+11	7.807e+15 	8.154e+13 	       0 
        0.22216041 	      7.0711716e+10	7.418e+15 	1.73e+13 	       0 
          0.253124 	      2.2597282e+10	6.997e+15 	2.734e+12 	       0 
        0.28840315 	      6.4648275e+09	6.552e+15 	3.091e+11 	       0 
        0.32859932 	      1.6282795e+09	6.089e+15 	2.384e+10 	       0 
        0.37439784 	      3.5424641e+08	5.62e+15 	1.19e+09 	       0 
        0.42657952 	           65148067	5.153e+15 	3.619e+07 	       0 
        0.48603402 	          9882591.9	4.698e+15 	6.252e+05 	       0 
        0.55377498 	          1202637.3	4.26e+15 	    5674 	       0 
        0.63095734 	          113758.03	3.845e+15 	   24.72 	       0 
        0.71889699 	          8069.3714	3.457e+15 	 0.04671 	       0 
        0.81909322 	          412.10511	3.098e+15 	3.405e-05 	       0 
         0.9332543 	          14.466382	2.77e+15 	8.387e-09 	       0 
         1.0633266 	          0.3311295	2.473e+15 	   6e-13 	       0 
         1.2115277 	       0.0046543914	2.205e+15 	1.05e-17 	       0 
         1.3803843 	      3.7522343e-05	1.964e+15 	       0 	       0 
         1.5727753 	      1.6050977e-07	1.749e+15 	       0 	       0 
         1.7919807 	       3.334502e-10	1.556e+15 	       0 	 7.2e+14 
         2.0417379 	      3.0413523e-13	1.385e+15 	       0 	 7.2e+14 
         2.3263051 	      1.0856859e-16	1.232e+15 	       0 	 7.2e+14 
         2.6505337 	      1.3300859e-20	1.096e+15 	       0 	 7.2e+14 
         3.0199517 	                  0	9.745e+14 	       0 	 7.2e+14 
         3.4408573 	                  0	8.666e+14 	       0 	       0 
         3.9204267 	                  0	7.706e+14 	       0 	       0 
         4.4668359 	                  0	6.851e+14 	       0 	       0 
          5.089401 	                  0	6.09e+14 	       0 	       0 
          5.798736 	                  0	5.412e+14 	       0 	       0 
         6.6069345 	                  0	4.81e+14 	       0 	       0 
         7.5277756 	                  0	4.273e+14 	       0 	       0 
          8.576959 	                  0	3.795e+14 	       0 	       0 
         9.7723722 	                  0	3.37e+14 	       0 	       0 
         11.134396 	                  0	2.992e+14 	       0 	       0 
         12.686252 	                  0	2.655e+14 	       0 	       0 
         14.454398 	                  0	2.355e+14 	       0 	       0 
         16.468979 	                  0	2.088e+14 	       0 	       0 
         18.764342 	                  0	1.85e+14 	       0 	       0 
         21.379621 	                  0	1.639e+14 	       0 	       0 
         24.359404 	                  0	1.45e+14 	       0 	       0 
         27.754495 	                  0	1.283e+14 	       0 	       0 
         31.622777 	                  0	1.134e+14 	       0 	       0 
         36.030199 	                  0	1.001e+14 	       0 	       0 
         41.051907 	                  0	8.835e+13 	       0 	       0 
         46.773514 	                  0	7.787e+13 	       0 	       0 
          53.29257 	                  0	6.857e+13 	       0 	       0 
          60.72022 	                  0	6.031e+13 	       0 	       0 
         69.183097 	                  0	5.299e+13 	       0 	       0 
         78.825488 	                  0	4.65e+13 	       0 	       0 
         89.811786 	                  0	4.076e+13 	       0 	       0 
          102.3293 	                  0	3.568e+13 	       0 	       0 
         116.59144 	                  0	3.12e+13 	       0 	       0 
         132.84137 	                  0	2.725e+13 	       0 	       0 
         151.35612 	                  0	2.378e+13 	       0 	       0 
         172.45138 	                  0	2.073e+13 	       0 	       0 
         196.48678 	                  0	1.806e+13 	       0 	       0 
         223.87211 	                  0	1.572e+13 	       0 	       0 
         255.07428 	                  0	1.367e+13 	       0 	       0 
         290.62524 	                  0	1.189e+13 	       0 	       0 
         331.13112 	                  0	1.033e+13 	       0 	       0 
          377.2825 	                  0	8.976e+12 	       0 	       0 
         429.86623 	                  0	7.796e+12 	       0 	       0 
         489.77882 	                  0	6.771e+12 	       0 	       0 
         558.04172 	                  0	5.88e+12 	       0 	       0 
         635.81875 	                  0	5.105e+12 	       0 	       0 
         724.43596 	                  0	4.432e+12 	       0 	       0 
         825.40419 	                  0	3.847e+12 	       0 	       0 
         940.44485 	                  0	3.34e+12 	       0 	       0 
         1071.5193 	                  0	2.899e+12 	       0 	       0 
         1220.8623 	                  0	2.516e+12 	       0 	       0 
         1391.0199 	                  0	2.183e+12 	       0 	       0 
         1584.8932 	                  0	1.894e+12 	       0 	       0 
         1805.7876 	                  0	1.643e+12 	       0 	       0 
         2057.4692 	                  0	1.426e+12 	       0 	       0 
         2344.2288 	                  0	1.237e+12 	       0 	       0 
         2670.9556 	                  0	1.073e+12 	       0 	       0 
         3043.2199 	                  0	9.301e+11 	       0 	       0 
         3467.3685 	                  0	8.065e+11 	       0 	       0 
         3950.6328 	                  0	6.992e+11 	       0 	       0 
         4501.2521 	                  0	6.061e+11 	       0 	       0 
         5128.6138 	                  0	5.253e+11 	       0 	       0 
         5843.4141 	                  0	4.553e+11 	       0 	       0 
         6657.8397 	                  0	3.945e+11 	       0 	       0 
         7585.7758 	                  0	3.417e+11 	       0 	       0 
         8643.0429 	                  0	2.96e+11 	       0 	       0 
         9847.6665 	                  0	2.563e+11 	       0 	       0 
         11220.185 	                  0	2.219e+11 	       0 	       0 
         12783.997 	                  0	1.92e+11 	       0 	       0 
         14565.766 	                  0	1.662e+11 	       0 	       0 
         16595.869 	                  0	1.437e+11 	       0 	       0 
         18908.917 	                  0	1.243e+11 	       0 	       0 
         21544.347 	                  0	1.075e+11 	       0 	       0 
         24547.089 	                  0	9.287e+10 	       0 	       0 
         27968.338 	                  0	8.022e+10 	       0 	       0 
         31866.424 	                  0	6.926e+10 	       0 	       0 
         36307.805 	                  0	5.977e+10 	       0 	       0 
         41368.204 	                  0	5.155e+10 	       0 	       0 
         47133.895 	                  0	4.444e+10 	       0 	       0 
          53703.18 	                  0	3.828e+10 	       0 	       0 
         61188.058 	                  0	3.295e+10 	       0 	       0 
          69716.14 	                  0	2.834e+10 	       0 	       0 
         79432.823 	                  0	2.435e+10 	       0 	       0 
         90503.769 	                  0	2.09e+10 	       0 	       0 
         103117.73 	                  0	1.792e+10 	       0 	       0 
         117489.76 	                  0	1.535e+10 	       0 	       0 
         133864.88 	                  0	1.313e+10 	       0 	       0 
          152522.3 	                  0	1.122e+10 	       0 	       0 
         173780.08 	                  0	9.572e+09 	       0 	       0 
         198000.67 	                  0	8.155e+09 	       0 	       0 
         225597.01 	                  0	6.938e+09 	       0 	       0 
         257039.58 	                  0	5.894e+09 	       0 	       0 
         292864.46 	                  0	4.999e+09 	       0 	       0 
         333682.43 	                  0	4.235e+09 	       0 	       0 
          380189.4 	                  0	3.583e+09 	       0 	       0 
         433178.27 	                  0	3.027e+09 	       0 	       0 
         493552.47 	                  0	2.555e+09 	       0 	       0 
         562341.33 	                  0	2.154e+09 	       0 	       0 
         640717.62 	                  0	1.814e+09 	       0 	       0 
          730017.6 	                  0	1.527e+09 	       0 	       0 
         831763.77 	                  0	1.284e+09 	       0 	       0 
          947690.8 	                  0	1.079e+09 	       0 	       0 
         1079775.2 	                  0	9.062e+08 	       0 	       0 
         1230268.8 	                  0	7.606e+08 	       0 	       0 
         1401737.4 	                  0	6.38e+08 	       0 	       0 
         1597104.5 	                  0	5.348e+08 	       0 	       0 
         1819700.9 	                  0	4.48e+08 	       0 	       0 
         2073321.6 	                  0	3.75e+08 	       0 	       0 
         2362290.7 	                  0	3.137e+08 	       0 	       0 
         2691534.8 	                  0	2.622e+08 	       0 	       0 
         3066667.3 	                  0	2.19e+08 	       0 	       0 
         3494083.9 	                  0	1.828e+08 	       0 	       0 
         3981071.7 	                  0	1.524e+08 	       0 	       0 
         4535933.4 	                  0	1.269e+08 	       0 	       0 
         5168128.9 	                  0	1.056e+08 	       0 	       0 
         5888436.6 	                  0	8.782e+07 	       0 	       0 
         6709137.1 	                  0	7.293e+07 	       0 	       0 
         7644222.7 	                  0	6.049e+07 	       0 	       0 
         8709635.9 	                  0	5.011e+07 	       0 	       0 
           9923541 	                  0	4.145e+07 	       0 	       0 
          11306634 	                  0	3.423e+07 	       0 	       0 
          12882496 	                  0	2.823e+07 	       0 	       0 
          14677993 	                  0	2.323e+07 	       0 	       0 
          16723737 	                  0	1.908e+07 	       0 	       0 
          19054607 	                  0	1.563e+07 	       0 	       0 
          21710342 	                  0	1.277e+07 	       0 	       0 
          24736220 	                  0	1.041e+07 	       0 	       0 
          28183829 	                  0	8.448e+06 	       0 	       0 
          32111949 	                  0	6.832e+06 	       0 	       0 
          36587550 	                  0	 5.5e+06 	       0 	       0 
          41686938 	                  0	4.405e+06 	       0 	       0 
          47497053 	                  0	3.506e+06 	       0 	       0 
          54116953 	                  0	2.772e+06 	       0 	       0 
          61659500 	                  0	2.173e+06 	       0 	       0 
          70253290 	                  0	1.688e+06 	       0 	       0 
          80044839 	                  0	1.297e+06 	       0 	       0 
          91201084 	                  0	9.841e+05 	       0 	       0 
     1.0391223e+08 	                  0	7.358e+05 	       0 	       0 
     1.1839499e+08 	                  0	5.409e+05 	       0 	       0 
     1.3489629e+08 	                  0	 3.9e+05 	       0 	       0 
     1.5369745e+08 	                  0	2.749e+05 	       0 	       0 
     1.7511903e+08 	                  0	1.889e+05 	       0 	       0 
     1.9952623e+08 	                  0	1.259e+05 	       0 	       0 
     2.2733519e+08 	                  0	8.118e+04 	       0 	       0 
     2.5902002e+08 	                  0	5.032e+04 	       0 	       0 
     2.9512092e+08 	                  0	2.983e+04 	       0 	       0 
     3.3625339e+08 	                  0	1.681e+04 	       0 	       0 
     3.8311868e+08 	                  0	    8937 	       0 	       0 
     4.3651583e+08 	                  0	    4448 	       0 	       0 
      4.973552e+08 	                  0	    2053 	       0 	       0 
     5.6667406e+08 	                  0	   870.4 	       0 	       0 
     6.4565423e+08 	                  0	   334.8 	       0 	       0 
     7.3564225e+08 	                  0	   115.4 	       0 	       0 
     8.3817236e+08 	                  0	   35.07 	       0 	       0 
     9.5499259e+08 	                  0	   9.254 	       0 	       0 
     1.0880946e+09 	                  0	   2.079 	       0 	       0 
     1.2397478e+09 	                  0	  0.3889 	       0 	       0 
     1.4125375e+09 	                  0	 0.05915 	       0 	       0 
     1.6094099e+09 	                  0	0.007108 	       0 	       0 
     1.8337213e+09 	                  0	0.0006539 	       0 	       0 
     2.0892961e+09 	                  0	4.439e-05 	       0 	       0 
     2.3804917e+09 	                  0	2.133e-06 	       0 	       0 
     2.7122726e+09 	                  0	6.923e-08 	       0 	       0 
     3.0902954e+09 	                  0	1.437e-09 	       0 	       0 
     3.5210052e+09 	                  0	1.795e-11 	       0 	       0 
     4.0117451e+09 	                  0	1.257e-13 	       0 	       0 
     4.5708819e+09 	                  0	4.553e-16 	       0 	       0 
     5.2079483e+09 	                  0	7.793e-19 	       0 	       0 
     5.9338059e+09 	                  0	5.677e-22 	       0 	       0 
     6.7608298e+09 	                  0	1.563e-25 	       0 	       0 
     7.7031201e+09 	                  0	1.416e-29 	       0 	       0 
      8.776742e+09 	                  0	       0 	       0 	       0 
